1200 1200
456.476 442.325 0.999005 0.999338 0.99815
177.432 845.994 0.675968 0.586742 0.165038
218.481 904.077 0.999839 0.999839 0.999839
124.443 879.344 1 0.850927 0.12549
99.6039 188.064 0.247239 0.501279 0.755556
783.322 567.354 0.274494 0.576221 0.878439
1019.45 496.163 0.828789 0.652339 0.166312
581.876 909.783 0.560019 0.547612 0.511676
619.522 682.241 0.830346 0.690683 0.494118
716.837 303.592 0.269717 0.566562 0.860502
1133.91 880.707 0.30205 0.648808 0.985005
1099.82 650.07 0.999628 0.850543 0.125432
258.779 184.063 0.786626 0.597892 0.178006
711.367 869.049 0.871728 0.854634 0.842902
1076.09 538.629 0.8162 0.712324 0.215929
551.698 988.907 0.989799 0.989754 0.989572
1021.29 800.942 0.994357 0.850253 0.140662
565.456 1010.56 1 1 1
207.2 772.464 0.150645 0.439844 0.734634
1024.51 273.488 0.270965 0.570525 0.865929
1188.91 1134.67 0.313726 0.658824 1
1150.33 966.448 0.306278 0.651387 0.999639
715.82 14.4299 0.254787 0.525375 0.795963
238.741 7.71456 0.243795 0.495644 0.746625
406.861 719.442 0.827056 0.692107 0.494001
517.785 200.919 0.999515 0.850886 0.124978
108.366 164.241 0.244274 0.498109 0.750641
544.125 1117.88 1 1 1
743.344 1168.5 0.271463 0.563331 0.848355
580.195 67.795 0.254964 0.524854 0.796838
261.529 874.703 0.533304 0.523315 0.517899
664.375 111.845 0.260201 0.533263 0.816007
1092.03 445.897 0.654435 0.539302 0.152687
57.8677 21.258 0.239216 0.482353 0.721569
1137.15 1121.12 0.313726 0.658824 1
1154.77 434.092 0.672695 0.541223 0.179547
15.5619 481.427 0.246508 0.516672 0.78548
743.311 558.539 0.224666 0.430453 0.653024
711.584 23.8353 0.254984 0.525109 0.796623
800.47 639.454 0.289393 0.610961 0.93253
1183.56 356.164 0.273989 0.582158 0.884936
520.451 1172.18 1 1 1
337.621 59.3636 0.133559 0.238695 0.370102
902.831 867.773 1 0.85098 0.12549
881.069 1098.14 0.306006 0.651378 0.99904
137.527 259.105 0.138502 0.401247 0.667913
249.821 60.2408 0.199013 0.432415 0.668097
988.496 972.467 0.307587 0.652729 0.999634
792.758 719.728 0.263089 0.341014 0.392262
517.739 561.382 0.780148 0.637734 0.458719
624.958 57.6244 0.255182 0.525075 0.79695
1000.19 876.263 0.807794 0.731083 0.374433
180.637 8.86489 0.239995 0.489769 0.738436
101.265 2.49019 0.240765 0.481578 0.725442
536.63 77.8801 0.254604 0.52486 0.795361
1170.14 935.334 0.303248 0.648803 0.988825
152.285 713.128 0.21507 0.497684 0.789218
1136.64 332.698 0.273234 0.582136 0.883689
686.424 319.358 0.267599 0.558912 0.846548
667.208 596.851 0.824455 0.69262 0.495072
14.3225 434.173 0.245599 0.509465 0.776412
523.205 1013.77 1 1 1
776.21 486.995 0.282618 0.592252 0.901802
594.644 381.831 0.999888 0.999888 0.999888
148.304 216.197 0.134129 0.396911 0.663429
788.382 167.271 0.265149 0.547667 0.837979
423.801 1038.08 1 1 1
1063.99 56.0774 0.260819 0.532955 0.814537
265.818 385.887 0.815846 0.62003 0.175787
509.117 127.313 0.995278 0.854496 0.168905
15.8308 1095.3 0.15211 0.425964 0.704543
829.875 327.275 0.272167 0.577023 0.873549
275.653 916.07 0.785261 0.776437 0.771095
26.6669 651.055 0.256626 0.526009 0.797635
1033.28 818.418 0.718444 0.681629 0.461936
1077.49 451.077 0.735247 0.615909 0.148555
899.837 260.227 0.269077 0.567286 0.861544
419.44 600.669 0.827922 0.691846 0.494171
150.75 754.292 0.248118 0.516588 0.789638
115.065 712.575 0.261743 0.544096 0.828338
587.161 266.14 0.89355 0.791039 0.29115
878.375 178.161 0.267771 0.553815 0.848736
1018.59 199.175 0.267785 0.557797 0.852199
465.702 320.924 0.794018 0.689909 0.181891
712.061 538.199 0.283851 0.591113 0.910651
504.918 792.409 0.826603 0.692525 0.494332
1020.18 83.7334 0.262202 0.543939 0.827677
1130.87 1194.92 0.313726 0.658824 1
1069.15 313.642 0.273396 0.577362 0.877228
62.5495 27.8255 0.241745 0.482033 0.726589
115.414 218.686 0.190231 0.445557 0.708771
34.8858 646.576 0.258443 0.525926 0.80328
837.416 868.254 0.996383 0.850106 0.124033
312.152 1179.87 1 1 1
639.389 6.37236 0.252641 0.523229 0.790621
385.553 458.169 0.999791 0.999791 0.999142
86.1305 482.47 0.212653 0.482734 0.75383
183.048 968.777 1 1 1
1046.05 719.575 1 0.85098 0.12549
293.17 659.371 0.625785 0.483504 0.175586
957.188 672.103 0.949446 0.787286 0.137998
729.098 602.965 0.759156 0.649805 0.500587
998.689 675.404 0.999892 0.850926 0.125436
167.377 279.203 0.140574 0.408713 0.671043
81.1495 342.264 0.227663 0.490761 0.757251
12.8073 774.539 0.999985 0.851026 0.125536
849.404 1076.24 0.530843 0.675919 0.822554
932.068 956.091 0.439995 0.608126 0.711547
167.211 968.232 0.967636 0.967703 0.967346
374.576 1039.68 0.99991 0.99991 0.99991
1177.62 88.271 0.261157 0.538875 0.821228
91.4389 959.615 0.998389 0.851405 0.124741
252.24 138.198 0.474227 0.408832 0.226571
749.773 118.708 0.261044 0.539868 0.821711
1091.37 626.266 0.966597 0.824016 0.132343
818.785 838.777 0.924514 0.789832 0.134363
1137.24 141.138 0.26528 0.548646 0.838508
1085.54 747.337 0.939666 0.848756 0.418538
28.3066 413.79 0.244807 0.511897 0.777398
20.1989 801.696 0.99991 0.850891 0.125401
560.975 391.04 1 1 1
1085.72 1000.37 0.312572 0.65767 0.998945
39.9888 660.095 0.258923 0.525723 0.804985
721.493 277.51 0.270503 0.560742 0.85486
511.606 993.8 1 1 1
1104.38 1152.47 0.314298 0.660505 0.999868
877.561 1020.03 0.826402 0.841701 0.856145
535.759 692.062 0.827205 0.691989 0.494066
216.855 656.002 0.150896 0.433449 0.718693
1132.67 526.828 0.550738 0.502348 0.335173
819.573 749.657 0.815753 0.61992 0.176872
130.523 448.134 0.144886 0.41203 0.689658
251.045 590.594 0.610046 0.490133 0.154839
368.571 301.592 0.856913 0.743906 0.198325
461.795 806.458 0.505219 0.433385 0.28284
977.04 622.768 0.808949 0.616997 0.175502
609.828 341.178 0.82428 0.8224 0.817519
178.028 620.231 0.14549 0.421784 0.703732
483.082 1156.05 1 1 1
1150.81 1071.55 0.313726 0.658824 1
61.1932 958.682 0.992015 0.839834 0.129765
580.613 263.278 0.998564 0.852901 0.14141
1088.26 1010.69 0.313726 0.658824 1
961.241 645.426 0.865467 0.682821 0.15935
1084.99 981.146 0.309753 0.654851 1
551.407 239.356 0.997007 0.850939 0.131858
996.998 590.573 0.851029 0.665498 0.163719
1096.42 774.993 0.584719 0.553067 0.395478
631.013 768.689 0.319676 0.532576 0.744026
415.574 379.482 1 1 1
123.089 755.613 0.516396 0.56435 0.482198
309.776 461.586 0.577283 0.440263 0.15651
1026.22 767.627 0.998143 0.850568 0.139968
1160.38 529.707 0.887449 0.714024 0.15326
989.673 434.812 0.162007 0.47152 0.783266
938.366 835.809 0.999651 0.851184 0.125352
480.764 755.015 0.82365 0.693756 0.493917
134.203 900.544 0.851189 0.734866 0.174506
644.348 605.984 0.824281 0.693634 0.494118
529.13 804.01 0.616307 0.52005 0.318245
343.145 1164.36 1 1 1
814.213 489.467 0.285507 0.591979 0.91149
1173.61 229.459 0.270381 0.566745 0.860773
154.854 9.31932 0.246681 0.485897 0.732955
14.3168 898.941 0.987146 0.834561 0.12915
466.576 800.329 0.824775 0.686354 0.492342
496.133 945.025 0.998058 0.997983 0.997203
876.698 327.995 0.272276 0.577408 0.873146
1125.94 276.931 0.270982 0.571837 0.866181
304.199 745.546 0.816058 0.62003 0.176589
1165.4 499.579 0.630205 0.506407 0.156955
1049.42 1088.54 0.314406 0.659813 0.999855
363.37 944.063 1 1 1
11.0645 830.847 0.99999 0.85097 0.125481
1192.88 620.975 0.991637 0.850356 0.140829
1074.56 113.463 0.263795 0.546148 0.836513
929.312 854.403 0.999047 0.850648 0.125723
26.6753 465.354 0.248449 0.517353 0.78343
63.7035 670.409 0.253181 0.52401 0.807852
442.178 936.753 0.812953 0.812953 0.812953
806.487 1093.3 0.734864 0.79413 0.856778
999.806 84.6577 0.261856 0.542807 0.826643
185.422 629.115 0.150154 0.429132 0.717187
450.29 690.606 0.824691 0.693208 0.49392
397.361 570.894 0.597597 0.476471 0.327547
158.291 1002.57 0.999902 0.999902 0.999823
722.495 1110.36 0.968246 0.969096 0.968176
692.419 219.095 0.266535 0.549033 0.839915
91.3804 1165.26 0.149798 0.435989 0.724434
1151.35 919.802 0.303612 0.64871 0.992226
1161.82 1031.94 0.311281 0.656379 0.999479
281.075 65.8992 0.155138 0.322994 0.50509
648.949 755.493 0.325202 0.5395 0.750383
396.764 141.532 0.999597 0.85063 0.125185
206.104 1198.97 0.897444 0.882225 0.874637
1128.31 240.669 0.269186 0.567289 0.86128
32.036 405.314 0.245624 0.509421 0.776566
327.093 899.859 0.916451 0.903598 0.896186
1102.65 778.221 0.293735 0.60428 0.903587
325.912 1045.16 0.948229 0.948229 0.948229
806.244 964.602 1 1 1
958.437 567.05 0.206178 0.399601 0.58149
389.534 60.1919 0.307492 0.341878 0.29193
344.64 178.047 0.961175 0.801905 0.136352
343.815 355.374 0.774526 0.745109 0.631658
412.569 1173.42 1 1 1
84.0785 123.725 0.240765 0.491745 0.740992
458.799 882.436 0.73777 0.737966 0.736755
897.645 847.583 1 0.85098 0.12549
466.586 688.963 0.829625 0.690978 0.494109
145.403 751.625 0.265783 0.548633 0.836758
965.918 910.249 0.796352 0.728581 0.410027
771.4 49.5141 0.25901 0.525677 0.805752
40.4155 239.436 0.246972 0.501787 0.756688
564.831 779.046 0.620762 0.523759 0.381339
1191.16 964.991 0.305093 0.650454 0.996485
407.553 142.08 1 0.851205 0.125714
236.139 744.282 0.155148 0.444062 0.73756
1185.79 94.845 0.260289 0.542297 0.828744
1187.07 829.177 0.294823 0.643843 0.973254
717.746 1091.47 1 1 1
821.871 885.799 0.944566 0.944311 0.943849
459.423 554.96 0.615808 0.489404 0.352677
56.7417 163.588 0.243524 0.494557 0.745537
372.933 261.397 1 0.85098 0.12549
939.764 720.642 0.990735 0.839043 0.128406
721.008 998.083 1 1 1
458.958 1044 1 1 1
169.789 248.292 0.13239 0.364151 0.601905
1171.66 458.214 0.872934 0.744113 0.132098
815.843 72.488 0.260363 0.534293 0.816809
551.233 325 0.800711 0.7189 0.327804
1005.61 775.382 1 0.85098 0.12549
281.648 1013.71 1 1 1
330.734 81.0689 0.492095 0.391136 0.16
508.435 346.738 0.547733 0.52687 0.449415
1107.59 164.794 0.265955 0.554274 0.845953
255.395 809.572 0.199056 0.328079 0.442471
291.278 734.706 0.815216 0.619529 0.180784
83.5673 411.707 0.215968 0.486556 0.753243
1082.12 973.046 0.307647 0.652745 0.999929
496.4 979.617 1 1 1
679.788 175.753 0.261088 0.542925 0.8285
172.544 367.239 0.144174 0.412104 0.687383
1083.22 742.277 0.995827 0.854727 0.164826
963.81 1114.53 0.313726 0.658824 1
525.064 608.255 0.827503 0.69186 0.493937
906.161 511.802 0.170914 0.476847 0.798365
105.041 570.273 0.244798 0.512015 0.792123
63.4701 1078.35 0.81465 0.795856 0.785917
205.527 741.484 0.151659 0.436878 0.731614
127.714 841.483 1 0.85098 0.12549
1048.16 235.82 0.268248 0.565219 0.859419
1119.95 565.685 0.619795 0.551338 0.272123
778.597 774.966 0.664829 0.517478 0.18411
290.017 1093.92 1 1 1
160.58 193.037 0.136989 0.386474 0.644367
41.4473 725.259 0.747592 0.688504 0.335989
629.061 1126.19 1 1 1
172.883 35.2623 0.241574 0.492546 0.742922
999.156 645.071 0.994302 0.842282 0.131952
65.9341 1094.06 0.447415 0.511906 0.593177
84.3934 841.253 1 0.85098 0.125442
126.123 1058.06 0.979472 0.977151 0.976751
481.944 626.787 0.826858 0.692314 0.494106
434.44 248.047 1 0.85098 0.12549
130.536 322.375 0.140928 0.408121 0.672564
607.772 431.346 0.778556 0.769203 0.736007
422.442 355.827 0.999216 0.999216 0.999216
320.261 149.096 0.746491 0.581581 0.160882
1104.05 790.729 0.276834 0.583152 0.882934
506.363 195.909 0.999861 0.850888 0.125398
412.262 937.378 0.990556 0.990556 0.990556
512.68 565.537 0.826391 0.689666 0.49486
293.462 1066.76 1 1 1
448.062 993.397 0.999974 0.999974 0.999974
65.0163 279.677 0.221166 0.484826 0.747817
361.051 774.401 0.516762 0.414321 0.29178
386.371 432.458 0.999226 0.999226 0.999226
447.659 333.469 0.83004 0.822954 0.795226
194.79 339.113 0.642125 0.496132 0.169608
165.965 135.874 0.200221 0.455123 0.712937
898.75 375.328 0.275226 0.58503 0.88699
84.8657 1136.83 0.138002 0.361331 0.596692
417.617 545.138 0.434959 0.344692 0.227999
540.275 489.907 0.999781 0.849129 0.129014
179.307 773.491 0.149174 0.439899 0.732386
911.958 470.002 0.247364 0.554363 0.872642
719.001 510.06 0.281023 0.59081 0.900631
471.189 131.551 0.998396 0.850307 0.127562
59.6591 805.187 0.999921 0.850947 0.125456
333.464 72.496 0.138397 0.272111 0.428327
630.847 851.857 0.599259 0.593377 0.590505
37.6506 1082.1 0.290432 0.331617 0.388858
1161.61 325.846 0.271069 0.577177 0.872022
496.32 1066.42 1 1 1
978.404 372.087 0.277593 0.587397 0.889358
569.777 1199.22 1 1 1
563.775 34.4654 0.250795 0.521384 0.787236
943.09 452.008 0.205323 0.513628 0.828045
353.369 630.16 0.772855 0.630228 0.45185
239.233 1067.1 1 1 1
233.782 1103.62 0.966013 0.964176 0.963003
683.638 1126.54 0.542724 0.543669 0.546108
68.6723 923.379 1 0.850903 0.125629
738.809 866.047 0.9553 0.948192 0.944117
254.594 786.377 0.229342 0.353577 0.453755
1040.5 3.73855 0.259813 0.52648 0.804911
884.363 729.64 0.841657 0.652902 0.172753
360.854 557.065 0.872783 0.723864 0.148256
545.069 342.675 0.923087 0.922296 0.922992
164.448 93.4436 0.221489 0.474563 0.725344
811.612 1132.18 0.301767 0.648458 0.985475
1195.38 1114.39 0.313354 0.658452 0.999629
60.0706 14.0694 0.239193 0.48233 0.721455
365.587 615.369 0.777464 0.638204 0.45555
347.611 457.808 0.908734 0.906611 0.899728
1116.05 325.548 0.272382 0.579422 0.880517
291.973 1128.29 0.998268 0.998268 0.998268
810.022 657.657 0.18136 0.450603 0.723297
948.935 1096.47 0.313059 0.658157 0.999804
661.556 531.779 0.419928 0.476837 0.486391
660.85 433.261 0.522442 0.612404 0.707092
725.047 868.383 0.931203 0.922433 0.91459
822.838 752.985 0.892128 0.715334 0.154177
636.917 1121.6 0.999674 0.999674 0.999674
1181.3 888.539 0.300306 0.648692 0.980005
106.455 1114.95 0.623568 0.61183 0.617369
304.087 81.3139 0.201943 0.332862 0.462133
1041.15 895.357 0.302736 0.647647 0.98828
2.78339 1055.32 0.154745 0.319137 0.495451
1104.07 227.463 0.268489 0.565834 0.859951
260.4 237.424 0.815853 0.619881 0.176826
599.857 564.375 0.826754 0.692271 0.495852
75.9994 363.599 0.236282 0.502005 0.770161
967.868 408.518 0.259241 0.569044 0.878396
897.501 140.347 0.264596 0.546948 0.837291
1030.67 439.291 0.397766 0.385361 0.294805
886.619 1043.71 0.275757 0.535177 0.796771
72.5773 1003.01 0.774793 0.607526 0.166323
1002.34 577.182 0.838669 0.649521 0.16995
726.99 233.758 0.266704 0.55579 0.850462
569.743 1100.37 1 1 1
921.98 645.051 0.423141 0.454041 0.39296
488.236 645.994 0.82997 0.690775 0.494067
637.437 170.106 0.390247 0.545739 0.651081
401.681 425.147 0.999566 0.999566 0.999566
1047.73 1065.42 0.313726 0.658824 1
933.475 762.126 1 0.85098 0.12549
781.446 8.72402 0.255186 0.525064 0.797155
267.586 575.399 0.785741 0.630978 0.162994
110.11 685.403 0.204531 0.482225 0.764621
1045.97 1116.95 0.314443 0.664596 0.998536
1146.94 843.96 0.297877 0.646896 0.976308
342.131 1093.82 1 1 1
1090.88 1120.3 0.313739 0.663669 0.999191
40.5481 1041 0.586605 0.448824 0.152827
1177.43 29.3343 0.259408 0.528532 0.809169
295.115 813.278 0.725004 0.554762 0.176956
935.398 908.903 0.993479 0.864541 0.247613
722.408 38.1999 0.258009 0.525414 0.802368
207.536 23.5685 0.243128 0.494276 0.745257
267.991 902.907 0.627171 0.613866 0.607983
427.066 1029.17 1 1 1
940.024 384.035 0.277076 0.58688 0.890865
879.772 321.739 0.270633 0.576516 0.870633
1141.42 832.033 0.2958 0.64482 0.974232
1171.62 455.543 0.998599 0.85014 0.123305
1022.86 527.707 0.803552 0.666306 0.147161
899.053 49.0167 0.260205 0.529214 0.810733
717.066 1139.37 0.22382 0.370734 0.523675
170.965 234.3 0.226564 0.345753 0.441479
440.351 738.407 0.82845 0.69162 0.494118
973.521 923.185 0.264683 0.526442 0.78537
370.847 19.675 0.209234 0.417478 0.638746
294.576 9.8069 0.247733 0.501185 0.756683
190.816 108.861 0.226606 0.481789 0.738037
410.866 529.29 0.893858 0.769259 0.159326
155.407 338.189 0.1413 0.411888 0.675863
391.024 423.616 0.969098 0.969098 0.969098
287.231 725.508 0.510812 0.446689 0.25345
763.783 912.207 1 1 1
982.103 466.239 0.204892 0.339688 0.466414
852.246 458.848 0.283217 0.591714 0.905439
656.813 1096.66 0.895115 0.895115 0.895115
1011.54 818.209 0.995413 0.851202 0.135789
713.447 53.5117 0.259603 0.526681 0.806787
84.7891 85.7963 0.24318 0.486133 0.734209
1037.03 951.438 0.305981 0.65108 0.999426
409.687 738.082 0.82955 0.691036 0.494095
612.377 885.038 0.668389 0.664415 0.663328
145.265 84.7254 0.243542 0.494536 0.745517
221.328 654.337 0.301233 0.392441 0.43516
497.45 898.569 0.74715 0.726617 0.643408
690.159 683.554 0.719811 0.605655 0.45491
993.439 969.076 0.306732 0.65183 0.99975
1174.72 977.959 0.306342 0.65144 0.999952
303.153 795.508 0.815768 0.620448 0.177351
774.721 1173.7 0.299863 0.64856 0.978047
866.381 1133 0.305448 0.650547 0.996529
631.217 1058.9 0.955434 0.955434 0.955434
540.446 379.964 0.848455 0.848455 0.848455
973.98 718.356 1 0.85098 0.12549
560.458 55.9696 0.254353 0.524941 0.794471
770.422 53.7151 0.26035 0.530261 0.813253
1124.95 518.773 0.98563 0.866751 0.277815
382.073 816.303 0.614262 0.529845 0.240919
1197.18 1162.29 0.313726 0.658824 1
557.84 691.446 0.825088 0.693163 0.494118
684.672 39.8661 0.256069 0.525725 0.798177
56.0744 381.71 0.244915 0.507974 0.775236
164.441 750.438 0.159518 0.444196 0.733819
108.216 899.28 1 0.85098 0.12549
734.244 833.813 0.744128 0.723695 0.710506
182.784 543.199 0.14101 0.388741 0.649661
314.151 454.216 0.681345 0.676713 0.67085
525.802 849.43 0.997779 0.850705 0.123667
1023.16 322.919 0.271639 0.578193 0.877497
1144.69 97.5528 0.261583 0.543936 0.829775
254.586 515.451 0.572611 0.450213 0.170931
184.786 465.643 0.122874 0.320263 0.538869
636.364 612.293 0.828496 0.691574 0.494118
43.9596 881.002 0.999961 0.85098 0.12549
486.186 1124.27 1 1 1
875.041 932.212 0.845784 0.767581 0.387401
426.212 1050.14 1 1 1
546.884 853.393 0.991949 0.856817 0.196194
577.428 525.21 0.580768 0.465664 0.217679
826.253 614.466 0.240787 0.562303 0.881812
581.136 978.083 0.976171 0.976119 0.975819
1133.25 736.073 0.311489 0.584901 0.83759
341.293 937.799 0.895994 0.895994 0.895752
1017.53 1153.04 0.313903 0.660486 0.999391
787.138 695.927 0.178779 0.492936 0.808473
158.76 1195.86 0.205155 0.34783 0.506455
541.039 1072.74 1 1 1
652.083 352.545 0.399461 0.50567 0.609118
319.885 50.8811 0.176243 0.334904 0.513546
411.777 504.316 0.81142 0.810041 0.806846
512.169 469.64 0.707712 0.658796 0.426064
643.156 469.058 0.447578 0.474106 0.41749
595.615 1025.84 1 1 1
262.678 972.239 0.999973 0.999973 0.999973
977.963 317.871 0.271344 0.575513 0.871592
1052.59 181.677 0.266683 0.555952 0.848777
791.072 619.903 0.28588 0.607597 0.926057
347.026 586.063 0.663668 0.512573 0.179605
885.077 408.616 0.27956 0.589364 0.89795
1029.63 644.797 0.999512 0.850959 0.125352
288.703 6.31691 0.247101 0.499927 0.750865
218.878 397.421 0.662065 0.519972 0.190149
409.984 292.187 0.869174 0.750939 0.181036
612.142 1052.23 1 1 1
565.156 697.795 0.824288 0.693675 0.494118
430.489 1113.38 1 1 1
25.8349 1180.33 0.205472 0.487745 0.775
907.052 887.512 1 0.850951 0.12552
484.684 738.596 0.828431 0.691649 0.494118
16.5258 403.582 0.243208 0.505953 0.77262
456.078 574.632 0.822614 0.690774 0.493441
314.443 716.911 0.625085 0.48096 0.227824
186.248 335.02 0.139422 0.328855 0.518349
933.74 652.735 0.816798 0.62096 0.176786
140.502 1080.11 0.947389 0.940578 0.933973
147.774 1106.07 0.837748 0.818488 0.807283
312.449 70.6521 0.205062 0.440749 0.692442
527.411 210.015 0.997848 0.850546 0.129313
97.5042 320.732 0.150007 0.412752 0.679419
0.366419 1180.94 0.23775 0.51226 0.794613
1080.93 92.2152 0.260784 0.542801 0.827115
592.028 48.4282 0.253653 0.524241 0.792331
684.225 837.596 0.862704 0.842312 0.831566
160.185 686.606 0.152091 0.435919 0.725419
994.171 400.059 0.2741 0.583928 0.891294
827.183 107.04 0.260745 0.541742 0.826599
1128.32 508.35 0.69543 0.596895 0.190305
597.201 785.871 0.220885 0.367989 0.532011
550.304 240.819 0.999928 0.850945 0.125454
1045.4 1111.88 0.313958 0.662556 0.998809
13.0861 750.112 0.999902 0.850722 0.124962
1178.85 454.79 0.765431 0.639621 0.145344
211.989 496.849 0.119953 0.286451 0.477264
546.806 638.822 0.829868 0.69088 0.494118
473.487 259.938 0.99991 0.850935 0.125445
703.764 1042.81 0.937107 0.937107 0.937107
314.896 362.765 0.616122 0.516763 0.311649
199.755 372.919 0.329747 0.397989 0.407944
814.948 332.258 0.271811 0.57656 0.875121
741.603 997.2 1 1 1
737.925 381.561 0.272084 0.577815 0.876046
951.451 1103.71 0.313602 0.6587 0.999795
901.854 546.673 0.162433 0.481861 0.801215
658.225 55.1985 0.257146 0.525694 0.80025
718.744 1149.62 0.558094 0.65179 0.747857
409.193 377.147 0.999748 0.999748 0.999748
641.512 687.159 0.776237 0.648451 0.467231
284.455 1063.59 1 1 1
110.492 24.6892 0.243398 0.48316 0.729933
729.446 449.67 0.276191 0.585994 0.889538
731.006 581.647 0.720849 0.648866 0.546032
111.007 888.345 1 0.85098 0.12549
232.079 778.762 0.154101 0.445481 0.739854
878.292 401.146 0.277306 0.58711 0.891185
881.809 168.055 0.265924 0.548515 0.839661
817.559 21.9963 0.257548 0.524779 0.803505
71.5379 1079.94 0.862956 0.843032 0.831373
133.65 965.162 0.721392 0.66212 0.384588
1064.75 112.574 0.263593 0.545946 0.835784
56.7014 491.894 0.253172 0.523761 0.791935
871.952 1047.25 0.666117 0.734649 0.805748
220.419 1007.04 1 1 1
1132.18 575.674 0.78101 0.657172 0.139323
488.531 1186.54 1 1 1
972.272 729.362 1 0.85098 0.12549
754.953 338.69 0.270536 0.574507 0.868473
784.012 608.163 0.232902 0.47081 0.713689
302.41 1015.61 0.894265 0.894265 0.894265
192.481 568.333 0.269621 0.390751 0.455108
265.502 1192.16 0.954467 0.953563 0.95281
488.179 864.28 0.695071 0.639216 0.378743
986.114 444.654 0.159461 0.468676 0.783039
290.218 1111.46 1 1 1
122.366 1193.43 0.150388 0.440307 0.732667
802.88 50.1374 0.259881 0.528075 0.811001
1086.93 1029.66 0.313726 0.658824 1
122.262 554.078 0.199143 0.466225 0.751357
1031.24 379.638 0.26481 0.54543 0.824317
1063.46 988.197 0.312128 0.657226 0.999715
19.6481 579.405 0.255008 0.524623 0.796988
610.673 710.211 0.829153 0.691319 0.493403
690.492 543.76 0.337608 0.42572 0.516481
72.1283 401.716 0.246848 0.517074 0.784706
1199.82 898.361 0.301631 0.650124 0.981117
170.268 793.384 0.422594 0.446565 0.325395
766.768 531.716 0.284805 0.592776 0.913507
906.763 367.68 0.273241 0.581648 0.884307
945.133 48.4468 0.260608 0.531019 0.812582
967.575 460.286 0.160723 0.467264 0.787025
365.803 961.617 0.825676 0.825676 0.825676
192.696 140.518 0.15839 0.414624 0.676307
1155.19 168.647 0.266199 0.55346 0.847001
1068.88 346.161 0.273195 0.583372 0.885552
669.872 893.395 0.682905 0.679364 0.677499
1012.9 1003.66 0.311189 0.656287 0.999223
560.404 825.514 0.736235 0.67587 0.384858
1149.94 912.19 0.302409 0.648099 0.987499
676.031 717.06 0.280607 0.503458 0.733458
628.166 824.896 0.241974 0.397403 0.566429
331.626 628.6 0.601352 0.461976 0.193161
704.563 183.535 0.26293 0.545283 0.832826
612.659 838.897 0.325 0.426307 0.541195
1180.01 381.239 0.257756 0.529679 0.8026
140.154 9.96818 0.243494 0.484173 0.731645
619.694 449.712 0.817823 0.760224 0.49934
1135.09 799.33 0.293491 0.64251 0.971922
618.182 940.197 0.828915 0.828915 0.828915
246.632 45.3251 0.247001 0.500302 0.751224
878.541 370.288 0.272101 0.581322 0.883574
403.048 1066.12 1 1 1
560.146 657.26 0.829113 0.691261 0.494118
496.879 1158 1 1 1
699.535 473.519 0.27735 0.587133 0.890716
362.587 841.332 0.873066 0.868246 0.861479
256.87 112.568 0.196326 0.332491 0.468304
159.821 1098.3 0.955402 0.949852 0.944969
107.009 125.441 0.244065 0.495046 0.746026
1148.64 629.032 0.993318 0.864942 0.242233
86.2613 972.833 0.905511 0.774061 0.133034
363.398 904.021 1 1 1
790.612 284.167 0.269876 0.566188 0.860306
414.562 944.678 0.681599 0.681599 0.681599
499.101 818.356 0.642025 0.548398 0.191069
287.468 844.915 0.457348 0.429832 0.401243
36.6335 257.129 0.246569 0.501667 0.752451
750.875 446.834 0.277224 0.587028 0.89057
750.019 887.565 1 1 1
1117.06 238.381 0.270213 0.567923 0.862181
1067.34 298.777 0.270456 0.57518 0.869877
842.796 842.985 1 0.850932 0.12541
1154.45 523.828 0.758301 0.589673 0.220174
739.681 654.835 0.29324 0.443114 0.59993
165.657 868.961 0.745924 0.664834 0.271457
455.283 190.391 1 0.85098 0.12549
284.049 752.346 0.666294 0.515569 0.178863
1005.15 940.979 0.305076 0.650566 0.995784
17.1428 580.799 0.254422 0.52501 0.795598
1060.88 363.356 0.277328 0.58573 0.883143
818.224 1005.42 1 1 1
417.04 866.683 0.958753 0.958547 0.958056
560.574 914.147 0.650673 0.586815 0.28944
209.648 1012.94 1 1 1
359.831 796.861 0.774435 0.599584 0.175074
110.777 352.898 0.141176 0.411765 0.67451
907.243 202.968 0.268787 0.559326 0.85344
182.659 1160.65 0.501248 0.558629 0.627532
900.986 774.694 0.99999 0.850864 0.125584
1009.96 696.959 0.999794 0.850912 0.125421
848.883 515.083 0.282353 0.594902 0.914135
204.255 698.737 0.14986 0.438044 0.730184
219.604 1099.49 0.993673 0.993015 0.991866
871.203 509.324 0.270896 0.581157 0.901185
1001.91 207.23 0.269308 0.562401 0.856467
663.485 1007.33 0.767299 0.767299 0.767299
1174.53 339.856 0.272941 0.57944 0.879986
590.793 861.137 0.654393 0.635442 0.624875
830.251 735.2 0.743166 0.567363 0.176399
656.105 296.309 0.477567 0.511638 0.465054
300.275 446.627 0.629866 0.490152 0.193796
223.92 948.156 1 1 1
98.4212 1191.87 0.154156 0.439639 0.732947
893.812 1174.26 0.306391 0.651489 0.999786
132.217 862.173 1 0.85098 0.125184
1173.95 511.327 0.850568 0.666185 0.16005
17.2919 1176.1 0.203636 0.480998 0.763351
1173 578.392 0.770328 0.657783 0.141597
333.104 460.216 0.726546 0.668766 0.539899
943.551 100.938 0.261414 0.543574 0.828601
307.334 342.57 0.825715 0.632554 0.173542
604.12 639.82 0.827489 0.691948 0.494118
188.212 337.366 0.171242 0.402941 0.642157
381.273 1080.77 1 1 1
958.068 644.998 0.815363 0.620854 0.173195
972.148 364.909 0.273447 0.583251 0.885211
272.423 446.455 0.537152 0.408757 0.155626
459.7 778.711 0.828082 0.691763 0.493636
170.788 1121.63 0.771468 0.755259 0.749878
713.507 768.755 0.176682 0.431689 0.692517
317.677 1086.12 1 1 1
911.124 411.769 0.280336 0.59014 0.898862
566.152 1128.41 1 1 1
722.417 212.542 0.26679 0.549178 0.843753
687.067 608.839 0.797967 0.663401 0.477513
621.2 1184.95 1 1 1
534.875 536.348 0.597823 0.468658 0.230145
105.051 530.063 0.200053 0.466719 0.74631
729.539 302.803 0.270186 0.568161 0.861957
198.125 279.801 0.686416 0.534027 0.184215
1008.78 835.905 0.986257 0.864542 0.276024
553.723 369.42 1 1 1
209.972 429.11 0.239608 0.372271 0.487172
646.793 1154.89 0.999788 0.999788 0.999771
1130.54 103.436 0.262281 0.544634 0.832533
762.311 28.6617 0.257134 0.525428 0.800604
1170.24 103.729 0.26324 0.545592 0.835339
121.117 128.097 0.244108 0.497107 0.748088
1183.86 982.861 0.305882 0.65098 1
891.81 961.45 0.765312 0.703797 0.425971
800.938 611.64 0.284865 0.606638 0.924489
395.461 1155.6 1 1 1
164.97 1188.4 0.349763 0.473513 0.611004
601.423 772.162 0.662986 0.582305 0.462901
268.589 313.064 0.815968 0.620012 0.17685
216.748 394.944 0.418775 0.431997 0.358737
240.743 496.299 0.189841 0.165864 0.127544
1096.47 845.206 0.299222 0.647206 0.977005
136.007 198.749 0.167298 0.422988 0.687554
647.451 622.446 0.824394 0.693011 0.494195
262.77 916.639 0.999698 0.999698 0.999698
476.023 266.929 1 0.85098 0.12549
638.989 1020.5 0.908923 0.908923 0.908923
281.807 397.531 0.787772 0.600791 0.178787
312.883 417.102 0.745923 0.724123 0.679186
982.38 1153 0.313726 0.658824 1
868.368 832.132 1 0.85098 0.125111
1139.07 628.497 0.99931 0.850345 0.124833
990.122 449.952 0.226542 0.350318 0.455889
972.867 145.15 0.265619 0.550708 0.842319
918.613 525.848 0.160747 0.472531 0.792132
1081.29 388.896 0.509605 0.485083 0.336649
889.942 994.281 0.311614 0.506546 0.702512
238.603 152.114 0.200017 0.281054 0.354057
124.346 480.04 0.189448 0.457658 0.733538
1016.31 558.543 0.938448 0.776402 0.142342
19.8048 1056.88 0.245027 0.2522 0.279163
569.831 81.2678 0.264591 0.468673 0.671835
834.522 994.714 1 1 1
7.7145 232.344 0.242911 0.493892 0.744872
567.895 706.641 0.830227 0.690671 0.494118
846.107 317.179 0.270602 0.574251 0.868315
885.144 952.807 0.825545 0.7573 0.423561
622.615 98.4227 0.254853 0.515735 0.789946
354.25 841.117 0.527888 0.467763 0.358554
972.613 713.074 1 0.85098 0.12549
876.297 989.316 0.966835 0.967615 0.964537
1148.18 63.8419 0.261178 0.533663 0.816586
260.519 533.468 0.457233 0.378155 0.189556
897.296 1125.09 0.30953 0.654628 0.999781
1002.46 348.103 0.272703 0.582483 0.884456
743.913 1129.91 0.308086 0.524213 0.733576
959.434 773.385 0.99987 0.850916 0.125425
21.4444 670.16 0.279179 0.434485 0.585702
806.576 457.81 0.280333 0.590136 0.897207
849.338 529.858 0.28199 0.599638 0.917285
859.226 65.44 0.26112 0.53457 0.816499
724.909 672.614 0.468101 0.457905 0.443407
134.653 1057.58 0.9998 0.9998 0.999051
1190.08 701.428 0.297434 0.572603 0.841146
391.808 173.405 0.999956 0.850949 0.125458
470.688 918.728 1 1 1
424.273 157.068 0.999957 0.850969 0.125479
143.571 570.808 0.160008 0.434099 0.716661
870.535 1000.9 0.999975 0.999975 0.999827
15.1886 243.968 0.245996 0.498955 0.749936
25.9466 40.5264 0.240093 0.482253 0.722945
20.3554 306.048 0.24568 0.502177 0.760893
1045.98 976.496 0.309096 0.654194 0.999311
40.6822 233.956 0.247076 0.500036 0.751406
829.271 436.673 0.279008 0.588812 0.896817
194.818 1100.42 0.987639 0.986218 0.983912
798.993 489.321 0.283792 0.59211 0.905813
258.944 899.809 0.981699 0.980688 0.978394
179.177 1040.46 1 1 1
824.152 876.083 0.572351 0.5241 0.329834
761.943 950.335 1 1 1
555.71 511.442 0.903822 0.740456 0.154842
384.705 210.906 0.99993 0.850937 0.125447
113.732 719.663 0.254076 0.506648 0.761415
155.279 574.804 0.148703 0.426421 0.708774
568.263 385.611 1 1 1
822.712 1009.03 1 1 1
178.011 588.069 0.146903 0.380236 0.616453
43.3128 961.23 0.885795 0.70745 0.155921
1089.98 304.448 0.272037 0.577572 0.872675
542.429 403.269 0.808354 0.808362 0.807884
534.871 854.934 0.999026 0.850606 0.124966
689.756 539.55 0.279151 0.579302 0.881866
408.839 462.152 1 1 1
1059.66 249.355 0.270402 0.568161 0.863399
126.398 837.243 0.999227 0.850496 0.124717
287.329 284.667 0.815941 0.619921 0.176274
27.8134 134.397 0.242175 0.486045 0.733887
1003.91 744.927 0.999939 0.850965 0.125475
161.655 8.90454 0.244549 0.487529 0.733333
171.716 111.858 0.213547 0.468283 0.72107
504.46 58.058 0.212338 0.397149 0.583431
566.03 776.945 0.823433 0.689271 0.494214
646.373 1196.55 1 1 1
833.838 855.353 0.998506 0.850233 0.124556
105.225 350.215 0.140142 0.410386 0.673303
849.963 1191.5 0.303451 0.64891 0.990133
1016.35 1007.25 0.313524 0.658622 0.999771
343.179 855.428 0.867757 0.856404 0.84878
118.912 60.1204 0.243197 0.487806 0.736959
722.471 511.155 0.282312 0.590476 0.905199
581.495 1189.89 1 1 1
183.701 1156.34 0.495992 0.484449 0.482701
731.332 256.813 0.269601 0.560161 0.854279
107.857 446.278 0.203586 0.474174 0.74461
30.5846 21.0501 0.238417 0.480991 0.721052
291.398 860.365 0.852136 0.831711 0.821755
712.056 635.851 0.367968 0.304234 0.230634
69.1655 421.556 0.249211 0.5198 0.785766
201.612 714.571 0.149436 0.438799 0.728421
1133.06 716.262 0.755469 0.721563 0.416072
1098.68 501.147 0.935091 0.797136 0.128492
779.511 300.333 0.270439 0.569094 0.863053
557.959 29.9071 0.24886 0.518521 0.784458
1038.91 586.103 0.90004 0.768766 0.130178
768.623 1116.24 0.473608 0.642661 0.807868
155.331 317.352 0.141327 0.411252 0.674494
279.984 1072.18 1 1 1
396.35 361.755 0.999594 0.999594 0.999518
441.191 413.266 1 1 1
552.448 403.357 0.946157 0.946379 0.945451
45.6035 269.931 0.245176 0.502736 0.760186
896.994 1163.11 0.30917 0.654269 0.99994
172.479 366.518 0.140676 0.412516 0.681546
1040.96 486.797 0.97331 0.821698 0.137719
497.677 326.736 0.991301 0.848744 0.133941
804.692 237.725 0.268881 0.559657 0.853907
1075.6 70.685 0.260214 0.537862 0.820256
1054.2 472.99 0.995404 0.844988 0.128251
420.353 529.037 0.642832 0.549341 0.148248
914.943 1064.53 0.309063 0.654143 0.999259
702.757 251.365 0.267051 0.557018 0.851095
486.666 346.182 0.581513 0.56794 0.538452
21.0753 499.949 0.25065 0.52117 0.786485
619.849 868.036 0.745938 0.737442 0.738625
921.699 391.082 0.278431 0.588235 0.890647
688.554 1102.43 0.695723 0.695723 0.695723
705.291 843.234 0.862745 0.843137 0.831373
22.5446 313.959 0.241539 0.503243 0.768348
5.8423 14.3846 0.237511 0.480648 0.719386
20.8811 1169.45 0.146895 0.426552 0.710049
436.263 62.9136 0.409883 0.481266 0.406126
98.6654 1054.72 0.841323 0.823781 0.812323
951.375 327.795 0.271679 0.577807 0.875203
1167.82 1071.53 0.313078 0.658318 0.999352
824.73 536.005 0.283075 0.598906 0.91711
499.356 566.741 0.818675 0.681357 0.488267
513.92 215.741 0.999953 0.850969 0.125479
860.32 402.202 0.275779 0.585583 0.889745
1057.01 681.379 1 0.850974 0.125497
583.021 1178.13 1 1 1
684.459 867.501 0.828485 0.807982 0.797422
1095.12 574.267 0.611365 0.531966 0.170298
22.7387 704.598 0.754445 0.6943 0.345248
698.289 568.398 0.478905 0.443463 0.398076
114.301 379.159 0.142665 0.412985 0.678809
721.593 1042.19 1 1 1
470.386 545.573 0.66264 0.55419 0.194229
823.216 884.72 0.426636 0.36365 0.113937
439.811 655.412 0.825219 0.693071 0.494062
1042.23 846.243 0.273848 0.550968 0.8284
131.457 843.782 1 0.85098 0.12549
554.017 998.889 1 1 1
704.205 889.576 0.981964 0.979491 0.977285
554.115 893.699 0.974139 0.85204 0.259057
306.636 932.646 0.640923 0.631393 0.626189
457.166 193.994 1 0.85098 0.12549
1171.11 1171.56 0.313726 0.658824 1
527.483 90.19 0.346338 0.395955 0.376871
274.421 1033.73 1 1 1
1110.26 280.934 0.270328 0.572614 0.867631
399.186 724.316 0.82834 0.691498 0.493959
300.644 976.383 0.807774 0.806114 0.804662
455.008 895.205 0.701588 0.701588 0.701588
469.117 275.982 1 0.85098 0.12549
760.2 675.303 0.289237 0.611561 0.933009
1122.56 949.324 0.306302 0.6514 0.999508
414.163 51.9987 0.198168 0.379159 0.574321
121.176 89.1028 0.242065 0.492724 0.743597
1017.43 710.991 1 0.85098 0.12549
733.325 235.081 0.267307 0.556782 0.85126
780.923 1104.38 0.810777 0.843808 0.878385
238.141 791.208 0.139857 0.387538 0.638669
892.243 318.331 0.270944 0.576292 0.871629
571.744 850.701 0.592886 0.552832 0.401459
886.162 1107.06 0.307322 0.652421 0.999978
661.205 984.056 0.713351 0.713351 0.713351
639.979 96.209 0.260023 0.526719 0.807653
2.51167 969.668 0.81328 0.618707 0.179525
490.393 1081.23 1 1 1
428.674 584.365 0.820999 0.678853 0.48657
377.997 65.2989 0.456632 0.491839 0.365349
993.27 6.22622 0.259393 0.526059 0.805077
733.661 996.717 1 1 1
1198.14 632.357 0.686777 0.660852 0.478683
983.201 724.771 1 0.85098 0.12549
191.933 1197.98 0.863211 0.842904 0.831373
1117.33 1009.5 0.311471 0.656569 0.99949
486.039 362.961 0.922165 0.92213 0.922192
385.443 375.444 0.993593 0.993593 0.993593
947.563 704.083 0.95025 0.788058 0.138727
769.45 959.377 1 1 1
357.629 244.268 0.984028 0.830844 0.130176
64.6432 789.056 0.996826 0.853253 0.150625
286.548 540.845 0.792812 0.603144 0.178155
58.865 310.693 0.241834 0.504742 0.770919
1184.82 526.316 0.999015 0.848678 0.125757
586.7 694.4 0.831273 0.690246 0.494118
1024.18 970.487 0.308138 0.653236 0.999756
618.537 292.27 0.786991 0.712942 0.306447
5.84937 325.998 0.24146 0.502244 0.768888
133.874 258.947 0.138431 0.397952 0.664619
890.829 157.668 0.266928 0.55024 0.843471
691.615 791.7 0.390305 0.461033 0.546915
491.361 957.772 1 1 1
454.183 401.477 1 1 1
579.741 1194.58 1 1 1
1137 518.234 0.137482 0.104064 0.0774083
195.333 788.133 0.190615 0.307708 0.435443
354.177 414.289 0.941767 0.941767 0.941767
381.025 414.613 0.283275 0.283275 0.283275
979.824 551.944 0.410859 0.384073 0.28173
64.7726 260.24 0.23652 0.493468 0.756287
833.357 860.114 0.992583 0.850639 0.124382
1053.41 1131.14 0.316032 0.672518 0.998301
963.208 527.033 0.177193 0.40974 0.646301
1060.98 1154.63 0.315045 0.664701 0.998984
91.719 703.697 0.249117 0.504874 0.765663
255.627 522.919 0.385483 0.413783 0.356932
470.823 595.457 0.823643 0.694061 0.494118
1086.46 208.898 0.269632 0.560613 0.855233
1143.82 849.068 0.298793 0.647813 0.977225
340.091 361.74 0.947478 0.946992 0.946942
280.527 744.644 0.337335 0.313939 0.234014
963.9 786.493 1 0.85098 0.12549
504.386 559.918 0.546806 0.431324 0.304054
730.092 400.749 0.272428 0.578304 0.880374
848.96 542.896 0.280428 0.599751 0.916957
100.513 333.135 0.140555 0.405785 0.671209
521.36 597.848 0.828561 0.691507 0.494118
607.75 803.774 0.275348 0.59286 0.907789
103.475 1166.12 0.148913 0.418686 0.693113
891.134 1152.96 0.306658 0.651756 0.999828
1192.68 215.915 0.268974 0.55917 0.853288
136.612 675.049 0.15145 0.431988 0.717777
716.152 614.637 0.707197 0.591828 0.432008
987.598 51.5645 0.261025 0.534388 0.816987
1054.04 312.505 0.272576 0.578167 0.87544
472.856 195.224 0.999957 0.850949 0.125458
55.1242 859.687 1 0.85098 0.12549
1145.21 213.487 0.270352 0.560751 0.854868
121.021 1107.54 0.806011 0.786612 0.777113
761.182 862.589 0.841887 0.835825 0.822031
1105.13 589.875 0.999356 0.850589 0.124188
537.012 482.281 0.99981 0.850791 0.121885
130.181 601.421 0.152929 0.428586 0.711213
293.327 742.004 0.815686 0.619608 0.184314
138.515 1029.98 0.999567 0.99959 0.999438
1026.46 52.8661 0.261666 0.535304 0.817508
853.936 404.635 0.275177 0.584917 0.887986
1109.35 199.395 0.268796 0.558459 0.852843
118.791 457.056 0.181127 0.449755 0.723845
309.759 296.477 0.895265 0.719724 0.153744
83.4256 532.061 0.240613 0.509368 0.783249
415.052 136.96 0.999832 0.850664 0.125649
227.867 976.454 1 1 1
125.401 1073.24 0.873684 0.856439 0.845522
1181.79 1003.67 0.308337 0.653435 0.999937
535.886 478.016 0.75024 0.669327 0.29819
764.74 981.061 1 1 1
552.88 682.526 0.827169 0.692199 0.494118
632.112 884.865 0.98221 0.98221 0.98221
934.162 752.06 1 0.85098 0.12549
701.229 197.221 0.265931 0.548284 0.838371
878.81 96.285 0.261618 0.541269 0.823976
1062.2 452.773 0.668864 0.538671 0.150926
1045.4 1156.73 0.314273 0.660846 0.999587
1140.1 73.8794 0.262797 0.539079 0.821432
1101.52 943.194 0.305417 0.650515 0.996857
714.07 112.955 0.260267 0.536005 0.818869
477.981 1025.29 1 1 1
782.851 1188 0.300853 0.649811 0.979408
1010.68 881.678 0.266083 0.538815 0.810299
189.941 341.236 0.153412 0.40068 0.650614
383.779 735.969 0.824734 0.687681 0.490957
724.186 289.003 0.268519 0.564335 0.858206
672.034 700.72 0.502116 0.430751 0.336148
208.399 628.578 0.517234 0.435501 0.233209
865.957 291.78 0.270286 0.568628 0.863829
1032.59 837.362 0.585857 0.541755 0.388814
76.3013 1154.89 0.149533 0.431974 0.723035
370.958 1122.72 1 1 1
553.712 631.224 0.82825 0.691721 0.494118
1196 575.108 0.76623 0.656627 0.154958
956.452 1175.68 0.313476 0.658574 0.999743
415.692 585.258 0.818574 0.678371 0.48518
826.973 435.73 0.276554 0.586358 0.889267
25.6398 1152.09 0.147384 0.427988 0.713966
116.209 583.057 0.243656 0.515231 0.798039
915.938 745.651 0.999806 0.850806 0.124966
965.63 1118.51 0.313726 0.658824 1
346.179 782.558 0.810828 0.618832 0.183123
1194.48 223.089 0.270284 0.565889 0.859804
777.39 1190.83 0.294478 0.610244 0.918527
484.797 1052.28 1 1 1
220.627 852.741 0.867407 0.858888 0.855494
1143.39 873.931 0.301207 0.650227 0.979639
788.113 792.955 0.860592 0.677765 0.16351
481.377 12.5446 0.240228 0.492278 0.748572
957.873 374.784 0.275962 0.585766 0.888349
1005.79 1163.63 0.314115 0.659213 1
82.5283 463.735 0.252894 0.523483 0.791421
1075.7 886.513 0.30281 0.648468 0.987964
136.338 478.012 0.14591 0.413204 0.694847
606.119 903.822 0.740099 0.739982 0.739577
701.48 553.71 0.278584 0.543461 0.828669
5.42766 4.18642 0.237318 0.476407 0.717647
80.9352 404.726 0.233603 0.504192 0.767368
92.9915 154.402 0.246815 0.497795 0.748775
1071.54 340.002 0.271325 0.581328 0.883269
750.532 708.68 0.225437 0.543335 0.859865
1076.56 306.704 0.270863 0.576471 0.871414
926.014 1197.08 0.310803 0.655901 0.999279
583.635 980.211 1 1 1
260.654 483.023 0.625153 0.480632 0.170579
1035.19 750.216 0.999246 0.850692 0.125476
1147.53 1043.34 0.313677 0.658776 0.999952
645.775 370.058 0.734246 0.755733 0.778067
779.152 452.673 0.277882 0.587686 0.891625
193.301 275.109 0.433701 0.38462 0.23871
637.15 566.061 0.827214 0.696735 0.503545
787.841 522.526 0.284094 0.593898 0.914123
574.107 653.22 0.825078 0.69331 0.494118
38.6632 32.639 0.23979 0.481404 0.723317
891.531 731.908 0.939415 0.774467 0.143421
744.69 796.158 0.620502 0.478828 0.175965
861.078 63.7729 0.260724 0.53011 0.813846
748.622 186.201 0.265184 0.548359 0.838927
858.994 102.749 0.2616 0.542564 0.828552
334.832 732.538 0.60278 0.47477 0.307103
104.374 1035.1 0.769498 0.766391 0.76508
462.405 890.176 1 1 1
784.085 908.039 1 1 1
54.8054 674.457 0.261867 0.529646 0.812311
1064.28 876.025 0.301549 0.649712 0.981727
977.72 84.1998 0.261434 0.541575 0.824156
379.474 1198.19 1 1 1
234.977 857.208 0.63808 0.630647 0.630567
775.882 945.196 1 1 1
774.588 23.3068 0.258524 0.52549 0.803323
264.567 355.323 0.816479 0.620393 0.17724
896.099 1160.31 0.310028 0.655126 1
562.516 489.418 0.988989 0.852354 0.184782
378.356 197.52 1 0.85098 0.12549
126.169 275.894 0.137614 0.400265 0.666931
668.23 291.586 0.269084 0.557177 0.849457
734.158 1191.25 0.769277 0.77635 0.785192
